195
4255 20
81866 82795 67242 49819 64636 96564 4701 30433 86205 36939 72649 56287 43634 80831 86341 77860 26711 99761 86820 63616
5006 20
64415 54828 54408 53649 91079 68314 25614 95257 21514 6050 30427 35815 12938 50106 57867 76702 43268 18289 46101 39830
1401 20
36831 63672 99567 77727 89744 88283 650 85309 21662 4430 41249 40839 18325 63603 33765 25313 35776 59882 32087 10209
9806 20
51194 27565 7833 23799 17347 3034 5897 66069 49240 45685 26491 63040 66792 32539 25166 75753 5999 48636 90405 91531
9692 17
10196 53196 12574 17138 59362 90107 6893 70740 89000 95232 38246 94674 45235 44492 991 4046 49181
661 20
44823 87312 77606 55860 25973 32402 83190 15297 46618 9112 5110 48941 86001 49350 15973 41272 66405 31489 50977 26557
2560 19
50332 46678 47585 3919 30532 23625 61536 87694 42077 12033 47035 9355 57157 34286 98687 53012 90653 54891 36243
6008 20
96729 34879 87851 60417 14507 29348 5250 43410 80558 79165 36282 29920 45867 54791 11410 84551 49132 65795 34661 24401
5057 18
69573 56288 20724 92737 37004 51615 56493 37723 54671 35107 52320 30101 98302 27485 26128 91836 27927 10394
1551 19
51535 8504 60973 21609 57225 44066 4790 97265 88606 34746 9404 37223 2684 97317 57630 56068 41567 12481 68416
54 16
81349 24468 1443 66803 49211 30585 67037 13920 42403 16396 25896 84312 97254 72890 50638 52778
165 19
81958 70232 56855 78531 77356 91426 88798 78600 29967 76135 82111 77458 28355 37089 57068 71402 33518 51720 6338
333 20
26728 28898 22979 77281 629 56312 83552 17375 16094 66274 43130 56452 66077 54340 65703 85210 98009 2253 42018 14167
8884 18
68993 3550 12151 59177 55880 94654 42053 36919 22326 20310 11645 63572 90230 96767 67226 6991 26684 82713
8924 20
4045 35280 63884 11531 35164 70709 12031 19112 18916 96539 3317 94983 82408 36417 75238 39946 74346 37607 43711 60589
976 20
61575 84408 3485 79713 84913 20915 69105 7768 3121 78129 70061 2565 96395 1581 27399 89648 25452 61758 40726 92649
1962 19
10878 44428 29826 58664 73818 78135 73637 89879 62671 2502 84765 51671 82765 96098 68175 96281 30483 37278 69742
5239 20
20909 31060 84346 77815 96215 32705 99630 85295 60165 72887 93034 84253 98401 60645 84030 77807 78457 48604 40472 77922
6370 20
427 46583 34253 37690 25601 48312 40362 84683 43840 93433 88380 18097 33734 32239 94898 93870 60385 91160 3501 32566
1008 18
27054 2818 78428 78515 84098 65480 16964 96445 27777 95842 52669 49419 31576 51508 56557 57938 13092 46188
8806 19
2698 72171 22017 37049 38700 4637 62452 75719 4935 58071 78327 29987 39730 40312 53684 16845 26433 68367 15056
1267 20
34469 592 39525 17825 82685 66432 91226 67886 18473 2829 90776 13994 96082 40834 30878 9506 9453 62486 5885 53688
8839 19
73517 4964 61444 48420 15830 62467 81713 25978 11548 30601 13780 76776 24954 93992 79479 17418 66404 80409 25692
8728 19
18116 56671 74374 71936 65433 81479 50050 33260 74978 32405 35203 10134 47730 87702 69082 35881 73194 15654 72584
9847 20
98774 25360 49572 51583 53569 96190 34886 37905 90236 85170 76930 81346 11764 86436 67470 83320 42249 83562 40102 31148
1812 20
86931 85113 54479 90159 66766 87679 89741 53322 87752 52496 40192 52135 38890 26813 81393 97811 89310 78702 65584 78892
1561 18
5669 37006 71237 27889 9880 92091 16710 90433 18027 37612 58267 53032 30326 38789 16984 92126 87458 25619
2044 20
27066 73699 63471 2766 79761 71861 84863 92294 29958 63723 59429 69976 90947 7230 64546 34336 89068 39554 25945 69029
2054 20
6185 2201 64013 78287 15150 45711 78222 94677 57039 80293 59767 91659 1710 92636 85047 93387 64706 38213 27668 44097
9221 19
93774 19985 74554 76388 90500 57012 25306 86722 8245 84026 67088 88738 88825 70487 24514 52725 83297 26344 29873
6352 18
49638 42358 77842 66726 65044 43860 23511 38972 34590 3993 31336 40118 61506 27570 64329 45271 95531 42176
67 20
8420 56251 70823 43389 3776 38474 17819 23088 19160 96609 66461 53171 29957 13875 78606 10379 97315 80138 43532 97380
8591 18
60237 49613 31632 30074 84079 79328 58214 60267 4367 78446 10379 94483 92938 64419 31112 50910 2595 55863
6528 18
50675 75647 26612 13492 56565 94286 7474 15264 95983 8991 31839 52222 19149 44540 66048 89483 47273 25347
9045 18
45335 69232 13713 19059 41506 19468 20061 81167 78045 21167 43068 82414 37302 21723 78288 54030 62787 86487
803 19
62986 31818 81940 53927 28304 70093 16274 64953 97193 67839 87528 80392 38793 8554 50810 39931 13551 90712 46309
5971 19
26586 74513 30555 29132 17058 33269 46878 22971 48281 36326 59170 89985 37400 66882 38344 70249 29902 22135 83747
2392 19
24706 49173 9482 45798 48016 20247 27503 49985 13110 61950 60584 61279 19690 5874 50451 62322 95757 38070 42608
6851 20
67363 75112 13606 20274 34749 80767 58695 29042 88250 10621 7601 6744 75447 13616 19728 53761 88064 89482 10565 4614
1356 20
57786 77787 15920 66975 40507 83283 1718 70779 13975 89796 56979 74453 74656 52190 7850 49706 63860 73445 98328 61543
8973 20
20203 75414 8089 82094 94822 43139 54002 42555 65888 76599 32010 35726 80592 52515 3804 6258 103 18526 72550 16911
2373 20
56102 60599 57460 95985 80114 92511 99184 33766 29834 2562 60194 81065 5275 79075 42763 90410 91996 90475 12505 80700
532 18
50729 67734 75534 83846 44285 91636 28371 4761 40565 22798 92286 79778 55620 9513 86400 78986 89500 41915
2055 20
41799 65188 30771 62518 91863 93835 92375 47421 57445 88144 61117 41440 59987 55571 47379 31848 97431 5499 18570 77093
3686 20
85782 49658 72494 67725 1455 47652 4589 17946 30454 5290 86381 75781 368 64481 48264 50903 3504 74785 48373 8515
3092 19
56358 52667 43220 30153 30594 97590 28130 85027 76547 31908 45266 77378 52121 27169 68998 53688 61478 41758 18211
1766 19
52409 53596 79777 6660 69757 75696 554 93776 72289 12421 74387 61094 81273 24458 75892 77826 50775 67168 13224
2759 20
48522 18178 76238 23179 59588 23359 39908 33693 32169 10911 20900 91442 89978 43513 90172 90412 59994 49471 39207 22593
3130 18
79652 82904 74193 1414 31519 21113 71423 61595 88641 33482 59713 56914 74557 26726 51923 23567 16468 92289
86 20
3767 25588 62817 36423 99786 92133 10795 72443 43935 47605 7957 42084 40976 49254 85049 96175 41539 62883 16121 7112
8471 18
35984 95942 56064 82112 88411 85198 55075 84197 94993 78117 8621 33641 69879 94936 16276 34159 59116 96319
2666 17
53405 76598 4386 24085 29143 33667 15898 86730 95190 18220 26796 55114 77976 88819 25484 60452 78768
7874 17
70627 88206 43227 4589 80391 20886 45742 77996 66548 29032 30154 24224 7841 95943 96421 59671 88927
2798 19
28463 13972 3363 58337 5547 2298 39151 24639 46101 55073 36023 25320 90997 7485 74714 51701 96876 62930 79291
4493 19
18211 64895 4550 42420 9127 35565 966 21504 11542 21576 54738 97991 62757 68092 18954 31388 55767 38337 33398
185 20
59268 31531 92716 66884 20578 8393 23886 51679 18316 54999 23743 25879 1563 8286 68514 42303 1773 34603 23847 22544
8063 19
54650 584 66482 86727 67137 91775 83707 99401 43447 40424 20005 41326 89491 62555 40264 56526 30541 29518 6973
6185 19
1550 49168 10957 43886 85140 80553 92901 47875 81670 94908 4259 53631 50605 13777 26521 64503 75533 39140 88182
836 19
33446 43994 79309 26497 32937 23010 21077 33905 88896 65888 11472 56437 66978 42037 58737 95451 65475 46794 48816
7037 20
80734 12469 91291 5450 81267 78772 43065 56971 99397 37019 48985 53984 47961 30514 43135 76844 53124 48839 65088 83890
6731 20
52706 12788 54323 46905 27771 75800 93050 23942 47041 91015 69452 9527 3019 85659 68330 85691 18816 79451 94173 47566
7040 20
52031 81695 26840 61395 19113 95228 36601 40241 63916 6429 80914 20104 40704 68762 15896 9114 18632 51633 12011 10448
7197 19
37221 50884 79354 60373 29183 57881 32052 40527 45087 70548 85002 33752 57825 9789 17486 47711 35493 22905 23852
9366 20
75178 84561 82205 19637 73429 67766 12263 27851 12622 60575 77684 37545 23953 47150 34693 12057 7149 39384 85910 29358
408 20
34200 94197 25439 69269 31129 79586 13037 54593 79566 62757 95036 45051 47022 68646 16803 2194 70901 69455 65595 42226
1099 20
46920 85532 89199 9996 81056 74087 31062 3027 67660 1075 36492 4067 36520 45774 9047 74838 429 36238 68919 87950
2050 19
41604 47813 22575 99519 14901 54561 63098 67012 38205 50714 26804 91098 98129 57326 14026 67661 69260 20173 41857
1719 19
18281 50773 51267 86303 45363 14994 53247 70370 75912 39707 73115 82680 68106 68171 37716 70136 24651 48799 84316
8408 19
23584 31076 4098 13455 16222 40222 46750 27938 3312 23569 22006 9756 47632 69966 37821 63077 82975 35896 5279
4073 17
53563 27832 42866 15207 46024 28100 74354 55069 80978 15461 63376 54761 68855 27061 26997 10082 2359
3379 20
55511 49574 42082 26928 24050 39501 59275 82652 28652 39822 98941 79397 27275 50098 46467 86589 84328 12270 94541 9205
9926 19
84581 28125 81947 83446 60582 64989 78372 61502 71798 93284 90990 96756 56215 51440 60362 31119 47992 85636 88696
9259 20
91925 27456 8067 27699 49273 75674 27425 59748 87543 74440 45917 61950 41786 88182 26841 10014 5466 56767 99710 52538
1236 20
74084 64338 48466 83149 10906 48669 47 2636 93601 79905 38719 17094 72766 84241 41630 67494 47664 85762 70965 27413
5036 20
53126 13524 39032 31959 579 39903 58639 85664 40914 46328 9900 30645 13644 92696 18083 29604 35359 52674 77929 45519
6897 19
14860 28038 95402 71074 56907 75602 83304 6564 48793 73295 3932 43423 10856 54263 87937 14925 16476 37550 54084
3530 18
82559 43068 6552 14682 97317 13064 95931 5875 28647 69212 30514 57410 69424 48127 92725 94086 94431 44789
3169 20
97013 27517 68833 45464 83548 55535 27591 81404 91815 51699 21040 28600 14258 50325 39686 32833 21488 47381 61712 88523
7668 18
21284 98104 51435 72876 62646 14518 8053 59940 85338 78534 13360 77890 67900 13007 93229 32857 36925 77543
9852 20
14664 43809 47385 2901 49328 17676 76378 6912 22245 43414 43624 42466 46923 24273 87708 52206 65136 11346 77919 71367
9437 18
84345 9563 78864 29046 44727 9879 42750 18572 78953 26585 57399 63959 15267 79888 61983 22126 7993 54626
1710 20
72811 97475 79794 23575 12570 69544 88922 24420 16624 40172 87730 8315 49003 28593 70407 82128 87138 54573 18689 81702
518 20
18559 28857 45991 91668 96228 83144 61006 39438 87760 15787 46188 72282 50495 23081 77244 49205 58061 2479 17225 77077
3215 20
94834 51720 85996 29694 56551 87224 19258 28626 17979 9127 87041 85233 16565 23408 76153 97697 56506 48973 12289 45484
3899 18
34694 65256 62006 57756 94267 51086 39555 501 31861 77763 61790 14286 26833 87204 96065 53892 37706 3164
860 20
75781 15935 57249 17683 38013 92083 73643 61696 77123 55020 3974 27169 69766 69340 35691 27588 38587 92223 27050 87905
5663 17
47686 88330 71284 44330 56926 45285 37358 52013 71163 19879 11433 70280 81716 62251 27257 44041 40617
9359 19
13330 82061 34050 68912 73996 27446 72169 64099 35104 50397 8847 16230 1087 25878 63696 76616 81348 89808 3917
8738 17
36519 46844 69069 33701 92795 68221 41936 2052 485 20614 10840 42857 1081 89237 47390 34438 88550
1340 18
7179 2184 2239 11220 18235 9369 48422 83278 56105 29399 30989 79385 70815 42587 66307 7227 46563 26338
3647 20
87904 17450 63484 84733 19488 17388 46038 60015 6503 6182 26457 42891 68843 70903 58458 25825 60536 53261 26260 80277
7356 19
68976 79870 10786 19397 63317 60057 26562 55815 64821 85225 86203 75304 79611 52921 94419 65611 33828 39035 22450
9262 18
45949 71584 29142 21529 84968 1725 69915 56822 53215 67106 49295 58501 36382 84435 59008 61316 29760 50119
6702 19
89309 25794 18442 41999 63639 45821 22817 81785 19296 50753 36390 25065 93166 46273 75983 8808 32460 65657 76843
1618 20
37148 59773 27330 59552 52505 30245 87687 2216 19733 36 81907 16210 41190 89628 39408 34808 30016 97250 43601 98289
9063 19
78557 58503 77451 65731 92500 53518 78046 70280 4984 53693 87908 79025 8470 62537 41578 59255 68657 41721 83540
966 17
15370 65968 52294 74347 74040 54415 64648 68523 6750 40690 99123 53320 59592 20379 42312 18952 61905
7219 17
79025 10232 65577 81402 56374 30095 8046 61498 99905 76261 95844 80035 83244 52610 6933 46688 10771
3490 17
523 28515 26137 63597 36562 25948 16656 53819 9197 38819 47025 9042 28574 26325 73667 42799 90057
1526 18
22533 17543 69806 55383 49380 75968 50207 60687 76068 52941 46236 97275 9957 6366 32737 90084 32302 69094
9384 20
37785 17526 35901 35560 60477 35654 96143 61627 9274 27776 55104 36659 13118 35328 16419 65987 93752 98552 39072 90856
4024 19
47185 74750 71537 96867 25713 70994 67597 97843 62073 40333 67415 71113 56147 7872 74278 85138 88984 56000 61395
5442 19
38414 39546 11185 19549 24380 88037 90500 31644 5966 84803 4414 76131 77040 65527 8369 1754 46339 50758 82770
1347 17
98140 7094 27208 34578 5755 82341 91136 89330 75457 18145 81931 40508 16671 82119 72872 36295 94280
6235 20
85956 33564 10813 21213 74048 89751 44347 98310 20599 2510 89434 43368 16201 54675 23126 27975 67868 14188 78483 51514
3749 16
6135 64239 80760 34952 1725 5157 99171 33851 85040 40071 53713 99459 52300 20994 70919 68045
6207 19
83302 46127 77622 82293 59040 68841 73696 58376 20947 89193 35010 94161 70371 14763 19723 34029 38085 6564 90619
7833 20
17284 65603 15040 25955 82706 77924 48921 6455 81100 76171 13335 13413 75439 28263 951 96292 27970 28929 80729 55296
1661 20
85544 63329 39745 31834 75322 35534 61243 78657 24792 52131 99581 148 41620 38934 54200 88907 86486 24511 11558 51298
607 17
71566 7687 19540 23142 94328 12217 93400 16270 77966 51027 27386 19286 78225 8687 40585 9855 60777
1490 18
92063 54455 37727 29781 77102 68749 37602 49141 22718 72180 8390 98149 39436 22143 82988 16371 72749 56948
7741 20
41997 47448 90671 29353 45832 20515 91219 56165 41489 87028 82609 18092 36635 21046 33656 17677 9181 16857 18161 84681
6013 19
35095 30868 87377 20248 43721 61328 26446 49022 76634 57774 58394 71700 32039 17529 16065 5349 17024 21371 45116
5233 17
33531 55282 44879 1232 16523 55260 84401 97031 64931 25607 88677 59516 93476 78256 68560 47707 26521
338 19
16415 67263 26102 10913 12976 35830 1710 89611 90862 15660 59604 9507 90835 95016 93245 91877 90353 90993 71286
1265 15
12384 19613 43649 16146 72999 86827 63830 24675 23903 62157 68475 40536 6345 74434 15495
2831 18
98578 34178 22273 45097 23139 95479 3628 47150 93596 93973 15419 87748 44596 19327 28660 38304 82123 27785
1438 20
28131 81831 10044 70205 97390 8610 12833 2534 4492 68407 32566 78128 23290 42181 71586 65681 57769 93989 1026 2235
1302 20
60380 52201 87842 80169 86249 80925 10070 80549 77959 44582 59592 70175 33320 64725 36161 30149 37395 10683 11106 78333
5555 16
72557 3773 40617 53231 48511 21604 26780 43114 88406 41617 52666 5128 43089 44824 77368 15588
9636 19
66300 4076 45399 27211 97065 85429 94382 81091 3261 22875 7273 11817 13836 74739 77358 8473 26596 14039 52435
8007 19
96427 29781 57778 3544 72541 62831 76165 81508 6443 30831 69823 40022 96336 72651 46666 3974 11953 54352 49812
2103 17
52305 32613 52840 37862 29044 14424 98670 61578 10579 6743 11028 82672 19124 94707 25083 82318 52599
5253 16
99376 57109 34580 73072 85784 78115 64201 76325 99430 62612 61696 57400 77442 73675 36834 79894
255 19
34142 48077 5672 94936 65354 80009 60046 82915 39570 53204 94892 18475 46524 28377 5944 61948 1534 79059 79133
1985 20
36762 21711 17474 75766 53075 85728 52897 71188 46771 79703 77460 55034 12654 72046 21684 21898 61947 44967 50199 15175
8902 19
22675 32830 39516 60157 38268 45574 94621 42818 24014 31122 33301 51948 40132 63862 37332 45112 22065 96807 18407
7330 19
99326 67048 43214 82553 93978 98435 46124 62727 36096 28662 1190 50827 49032 64336 62179 1405 73596 2640 7272
8065 20
45731 2140 71799 44390 7788 79065 85811 77007 62633 44824 27680 487 4287 95677 82938 57453 20829 85306 64707 44910
1141 17
92514 20032 27304 46144 17484 22551 3452 76387 14213 22460 83684 36138 97348 75236 90440 22369 61271
2494 20
28125 9685 27902 81348 30695 43388 48097 23495 60429 25365 68176 90979 56915 47821 35272 34295 27872 83281 79527 27023
6547 18
47431 77344 70366 69601 5873 42728 69784 33036 38245 948 17386 35009 41022 76796 82904 65955 1551 75157
1192 20
97350 46738 10881 6912 93879 72602 2495 40448 66298 35148 7660 41635 73614 24015 93215 16515 24210 93095 57282 3642
6522 20
81943 91042 25184 27841 90521 16813 36097 15811 7268 24622 90661 26248 24468 84177 41959 69031 50071 15542 20421 39169
7637 19
97166 64449 44301 28763 48679 90300 8429 14319 76630 57007 13345 11312 81221 63221 81661 3599 72436 55467 63042
2007 19
8237 25632 81808 31316 35018 97125 41736 90276 12360 61414 9537 33004 86760 15539 68230 34283 65964 38015 71235
7599 19
85363 55396 13673 87924 94218 80113 15969 25754 6450 14510 65680 84313 82086 65522 79840 15490 55343 15740 44570
5459 20
71312 25424 7251 74593 1242 46840 69708 15186 76319 8289 36297 28672 74022 95151 32933 98948 39300 56292 36989 62777
4320 20
42132 17619 48582 62707 64836 77437 830 22018 18150 20351 72292 89483 23979 1680 6675 33109 38599 61953 69719 15289
8579 17
93644 32857 50172 58380 67792 25061 94163 86479 66400 59806 49773 56611 23517 3105 29781 18647 59987
8705 18
90488 36907 78570 38588 96302 92879 60599 32535 10597 95673 6164 76391 30052 24516 10174 90814 82756 96945
2887 19
36666 99720 69447 80591 83250 52250 45836 22640 9226 85251 81469 79304 93017 51033 49005 59569 38765 49829 85103
9044 19
78825 70542 83553 91227 46683 92329 1450 18858 49581 9389 92536 45814 23935 46489 17491 60530 4919 79729 79585
245 18
95513 9366 42277 33358 21775 49980 43905 82311 35988 67961 12185 19063 85377 74282 13505 26545 93787 21579
7753 20
58291 30923 63811 86372 73238 40904 80803 98850 51085 66184 91502 1329 20565 92741 93271 54794 61078 77982 49273 42937
104 18
29800 465 57272 8280 25130 22166 91304 33150 71482 4844 8094 34586 1385 25835 99872 40195 10565 44000
3358 20
4134 64746 49444 99469 88505 87713 50566 56633 8879 3125 76535 38521 42331 19128 51928 2243 509 93001 75103 52329
5171 20
53013 32968 71222 16578 10543 30835 72316 49129 35832 8111 80163 59834 72825 52278 98516 58294 57161 31258 83485 22050
2709 20
45712 39089 87374 82438 18647 90342 80085 38049 25871 26392 25044 7110 98491 12126 34423 23723 336 36546 24031 18216
9530 19
71665 27657 59229 5518 91234 83438 3263 71577 46332 65930 3782 94433 70247 72234 18334 78919 30646 84206 8645
5930 19
38943 80413 60 13025 71442 46248 40935 20363 52226 94342 71188 61480 27780 83997 24922 86803 60749 88832 91714
3120 20
86000 85769 41195 63599 807 80761 92494 16260 89957 70284 74725 45779 99902 95577 81665 82105 3756 54200 75149 72215
3468 18
41808 90099 10881 50882 96985 44711 37840 51407 12164 24981 96138 31240 4055 41755 64251 57213 76678 57966
5315 19
70880 60702 74978 83558 1134 89245 73952 19028 576 22766 38890 30728 9001 54183 51460 46675 65764 29853 56041
3364 20
89773 57623 44704 36527 26865 65692 40354 263 29613 22334 12458 4523 9061 18219 63077 12337 43230 14553 16241 75871
7817 20
67717 60228 74394 75433 2242 50495 63577 66355 4185 56111 38043 22717 9071 68511 57777 72040 29661 99315 56470 6618
2926 15
766 58374 54429 43807 65807 71063 40328 1535 3508 73405 40243 38518 79790 64459 28810
6654 17
82253 4327 5163 72165 27796 56570 68860 18908 4688 63573 10613 31707 61709 78231 56962 40876 42309
158 20
54957 80158 37704 29961 59124 18840 7136 40091 51773 56358 93386 24685 9689 59994 40916 46500 18337 76297 74345 41869
6715 18
75926 94724 95314 67956 35878 70288 34769 21077 96008 68116 92033 26822 49510 69349 9544 3598 98111 1147
2830 20
81508 74125 52506 2023 24754 43765 65030 69904 50999 11521 17347 2816 93477 3571 73779 27169 85802 22923 66058 62515
3526 17
18404 4962 74056 58112 88159 35922 55256 69986 98517 31730 55524 23684 41057 92743 11525 11688 76640
2028 18
8471 56065 72342 1 32231 5657 26692 85262 55712 77285 50008 95755 3199 5747 80948 78044 31085 78759
9260 19
50276 34717 44093 43062 83014 7110 25254 80160 3737 88279 18420 62750 61835 19858 53201 37728 14984 16003 37030
4751 20
75845 57088 71915 66529 83106 44506 59239 63291 72919 89530 41838 17207 13108 74636 79991 17386 61082 42928 26378 83790
3419 19
77225 29169 51480 98236 59793 58214 72445 31902 1548 99394 68646 16653 54766 29401 40585 99129 65868 52680 31160
7229 18
82779 74080 56069 23023 60416 38439 23014 81355 47866 50216 92067 26951 78364 51104 33772 83214 44285 77985
788 20
44452 7475 47995 72963 25815 56596 88573 37079 32579 39540 86221 92758 80778 80925 71733 52063 60624 9191 7660 81437
7108 15
99096 7068 52131 17639 74552 31126 84838 6588 68338 33285 12876 54978 48577 90784 5157
7412 20
52651 86753 27169 55422 17176 69932 80424 45165 75750 31548 94954 13706 33927 43542 59333 33887 68343 34867 5212 9474
5485 18
27780 22607 6395 62968 37542 9544 5576 92665 72241 44747 16431 80877 28851 18833 97710 11452 85344 37989
2541 18
25662 73929 79040 43459 96147 57554 12444 12038 41831 19302 54239 32094 29965 98796 23352 5197 59039 14967
5390 20
41659 83944 1629 98409 6763 41223 80485 32506 75021 26973 41258 96555 61675 46059 37734 91957 76674 5053 9937 65140
7607 18
38648 31124 27708 36793 21455 13578 54689 81943 81250 23812 21239 30674 68105 89878 44318 6586 26623 88927
930 20
50122 62830 77709 60154 64593 24536 30940 69882 68671 98123 32075 64149 24066 8878 31670 68975 55988 76659 15374 69252
9923 19
13489 52952 24032 9711 29856 53462 97093 91828 72372 78867 73896 32353 75140 81253 37342 37657 59906 54496 1762
4337 19
13615 96643 11477 56114 1009 67208 47954 66217 68986 21166 7456 65236 90856 32526 49828 13160 49432 64022 67132
5103 20
39732 96270 88565 82602 35942 85604 98825 66778 82090 70888 18893 13140 12604 86281 15842 73651 49313 85904 87120 29080
8864 20
45015 2765 25442 98665 10942 59322 3644 123 52428 89664 9988 29077 3008 84343 98952 74161 92168 58855 68425 66286
974 20
90806 34577 2107 36841 75170 52876 52218 59834 95871 59541 50584 29246 50200 44538 81697 81788 8501 18023 5647 18860
5928 20
58680 9901 92971 2104 42070 89184 71629 46283 6800 93169 6437 73704 48786 98020 16327 30727 82890 70381 89660 58003
8438 20
19863 48060 38585 53808 10531 66624 81484 89572 97309 84615 3114 32997 24174 28485 13091 32161 41446 68430 61081 31212
9066 20
68939 86606 17606 1232 47537 89128 86419 80719 57252 78821 58568 66300 49881 9903 16172 66404 73467 38650 53453 11625
7104 18
86511 11303 13281 72320 50761 26014 6640 87687 71194 31313 2984 61556 14464 92978 52594 54403 88759 80549
1026 20
13929 79802 63978 59147 44846 19806 45896 52055 62831 37031 79389 27446 89779 75733 41952 90014 54588 15746 15279 92045
6218 16
97296 9772 78879 66609 71790 99660 36207 90010 28704 11167 21458 93996 26004 70536 18018 52549
7514 17
72608 46123 44651 84840 48287 65697 94203 97283 2159 27555 28664 32886 88281 85114 20636 48953 17566
2611 19
55573 29626 97483 70329 20784 29310 30014 20379 35787 75980 2252 2013 42207 85641 52184 57813 46689 72537 71017
8248 18
93927 6026 60021 67350 36708 6764 15594 20244 520 2253 89385 44384 63578 32497 62936 18854 96671 29618
688 18
68621 7324 74377 17946 87029 6101 22656 91812 60412 12536 43277 50065 71898 22826 81903 49316 30528 23263
7390 20
69405 5640 50256 54236 83525 35745 20872 6378 33598 61667 18160 32183 14019 55874 4670 27509 12894 915 93362 35471
1284 17
47498 57915 47274 86714 10114 25926 24449 76152 23372 91858 40470 57491 9653 4411 73962 41598 7946
6793 16
17817 77295 5382 93306 31062 79152 74394 6450 67385 57183 11329 33019 19311 42097 35889 28348
2654 20
93117 65567 52135 34439 26388 34216 78135 56328 30789 44090 24666 87261 53766 56342 21143 65732 86323 58979 66448 68175
1732 18
20354 13456 42712 51465 69460 13721 36969 81321 86390 35228 95742 66346 79532 77835 36844 83200 59602 85095
